1 2 3 4 5 6 7 8 9 10
-) 2 3 4 5 6 7 8 9 10 ----> 1
1) 3 4 5 6 7 8 9 10 2
2) 4 5 6 7 8 9 10 2 3
3) 5 6 7 8 9 10 2 3 4
4) 6 7 8 9 10 2 3 4 5
-) 7 8 9 10 2 3 4 5 -------> 6
5) 5 7 8 9 10 2 3 4
6) 4 5 7 8 9 10 2 3
7) 3 4 5 7 8 9 10 2
-) 4 5 7 8 9 10 2 ---------> 3
8) 2 4 5 7 8 9 10
-) 4 5 7 8 9 10 ------------> 2
9) 5 7 8 9 10 4
10) 7 8 9 10 4 5
--- 8 9 10 4 5 -------------> 7
11) 9 10 4 5 8
--- 10 4 5 8 ----------------> 9
12) 8 10 4 5
--- 10 4 5 -------------------> 8
13) 4 5 10
--- 5 10 ---------------------> 4
14) 10 5
--- 5 ------------------------> 10
--- 10 -----------------------> 5